751255506699891959547139149258841254814244929350197251616473352831585550917286757754380568
751255506699891959547139149258841254814244929350197251616473352831585550917286757754380568
751255506699891959547139149258841254814244929350198251616473352831585550917286757754380568
751255506699891959547139149258841254814244929350197251616473352831585550917286757754380568
7654531779934130569469123371627943115291666022636546897484518422991315282653899678443
10796257758178698440026080043191118226414613686958055014585362235151340276240123184240
10796257758178698440026080043191118226414613686958055014585362235151340276240123184240
10796257758178698440026080043191118226414613686958055014595362235151340276240123184240
10796257758178698440026080043191118226414613686958055014585362235151340276240123184240
10796257758178698440026080043191118226414613686958055014585362235151340276240123184240
7654531779934130569469123371627943115291666022636546897484518422991315282653899678443
7654531779934130569469123371627943115291666022636547897484518422991315282653899678443
41750903945491489338900369111780390242404961329429565756023535382115431696497326484512
751255506699891959547139149258841254814244929350197251616473352831585550917286757754380568
7654531779934130569469123371627943115291666022636546897484518422991315282653899678443
10796257758178698440026080043191118226414613686958055014585362235151340276240123184240
41750903945491489338900369111780390242404961329429565756023535382115431696497326484512
41750903945491489338900369111780390242404961329429565756023535382115431696497326484512
41750903945491489338900369111780390242404961329429565756023535382115431696497326484512
41750903945491489338900369111780390242404961329429565756023535382115431696497326484512
751255506699891959547139149258841254814244929350197251616473352831585550917286757754380568
7654531779934130569469123371627943115291666022636546897484518422991315282653899678443
7654531779934130569469123371627943115291666022636546897484518422991315282653899678443
7654531779934130569469123371627943115291666022636546897484518422991315282653899678443
7654531779934130569469123371627943115291666022636546897484518422991315282653899678443
10796257758178698440026080043191118226414613686958055014585362235151340276240123184240
41750903945491489338900369111780390242404961329429565756023535382115431696497326484512
41750903945491489338900369111780390242404961329429565756023535382115431696497326484512
41750903945491489338900369111780390242404961329429565756023535382115431696497326484512
41750903945491489338900369111780390242404961329429565756023535382115431696497326484512
41750903945491489338900369111780390242404961329429565759023535382115431696497326484512
